## htsjdk.samtools.metrics.StringHeader
# CollectMultipleMetrics --INPUT SAMPLE_PAIRED_END_1_1.bam --OUTPUT SAMPLE_PAIRED_END_1_1.CollectMultipleMetrics --REFERENCE_SEQUENCE genome.fa --ASSUME_SORTED true --STOP_AFTER 0 --METRIC_ACCUMULATION_LEVEL ALL_READS --PROGRAM CollectAlignmentSummaryMetrics --PROGRAM CollectBaseDistributionByCycle --PROGRAM CollectInsertSizeMetrics --PROGRAM MeanQualityByCycle --PROGRAM QualityScoreDistribution --INCLUDE_UNPAIRED false --VERBOSITY INFO --QUIET false --VALIDATION_STRINGENCY STRICT --COMPRESSION_LEVEL 5 --MAX_RECORDS_IN_RAM 500000 --CREATE_INDEX false --CREATE_MD5_FILE false --help false --version false --showHidden false --USE_JDK_DEFLATER false --USE_JDK_INFLATER false
## htsjdk.samtools.metrics.StringHeader
# Started on: Tue Oct 14 11:17:20 GMT 2025

## METRICS CLASS	picard.analysis.BaseDistributionByCycleMetrics
READ_END	CYCLE	PCT_A	PCT_C	PCT_G	PCT_T	PCT_N
1	1	25.63	23.36	38	13.01	0
1	2	22.13	20.58	14.62	42.67	0
1	3	30.81	18.57	16.64	33.98	0
1	4	18.64	22.99	10.68	47.69	0
1	5	41.14	8.89	9.42	40.55	0
1	6	46.54	11.48	22.83	19.15	0
1	7	33.87	16.47	20.2	29.46	0
1	8	40.69	15.97	20.75	22.59	0
1	9	16.43	34.84	22.08	26.65	0
1	10	29.95	20.51	11.45	38.09	0
1	11	27.08	13.15	30.04	29.73	0
1	12	27.99	19.75	15.65	36.61	0
1	13	24.67	19.8	23.58	31.95	0
1	14	24.07	26.81	16.54	32.58	0
1	15	35	18.51	20.3	26.19	0
1	16	34.84	17.7	17.49	29.97	0
1	17	34.43	16.24	16.27	33.06	0
1	18	33.42	16.06	16.82	33.7	0
1	19	32.66	16.74	16.78	33.82	0
1	20	32.81	17.01	17.74	32.44	0
1	21	33.01	17.15	17.53	32.31	0
1	22	31.08	18.12	17.68	33.12	0
1	23	31.82	17.78	17.42	32.98	0
1	24	32.85	16.58	17.51	33.06	0
1	25	32.69	18.52	16.92	31.87	0
1	26	32.7	17.49	17.23	32.58	0
1	27	32.76	16.93	17.96	32.35	0
1	28	32.51	17.76	17.82	31.91	0
1	29	32.99	17.45	17.45	32.11	0
1	30	32.68	17.16	17.67	32.49	0
1	31	31.43	18.59	17.74	32.24	0
1	32	32.47	17.59	17.8	32.14	0
1	33	32.28	16.97	18.36	32.39	0
1	34	31.76	17.44	18.17	32.63	0
1	35	31.64	17.86	17.59	32.91	0
1	36	32.48	17.89	17.5	32.13	0
1	37	31.71	17.34	17.97	32.98	0
1	38	32.77	17.49	17.63	32.11	0
1	39	32.82	17.8	17.46	31.92	0
1	40	31.28	18.22	17.66	32.84	0
1	41	32.16	17.45	17.75	32.64	0
1	42	32.35	17.69	17.39	32.57	0
1	43	31.5	18.01	18.52	31.97	0
1	44	32.23	18.03	17.69	32.05	0
1	45	32.38	17.65	17.57	32.4	0
1	46	31.92	18.52	17.24	32.32	0
1	47	31.99	17.4	17.84	32.77	0
1	48	32.65	17.33	17.29	32.73	0
1	49	31.63	18.65	17.37	32.35	0
1	50	32.6	17.59	16.89	32.92	0
1	51	32.58	17.89	17.99	31.54	0
1	52	31.96	17.56	17.65	32.83	0
1	53	30.95	17.9	18.09	33.06	0
1	54	31.6	18.76	18.09	31.55	0
1	55	32.37	18.22	17.75	31.66	0
1	56	32.06	18.11	16.99	32.84	0
1	57	32.59	18.01	16.88	32.52	0
1	58	31.85	18.09	17.52	32.54	0
1	59	32.57	18.3	17.45	31.68	0
1	60	31.75	17.96	17.68	32.61	0
1	61	31.89	18.63	17.4	32.08	0
1	62	32.32	18.01	17.33	32.34	0
1	63	32.33	18.44	17.33	31.9	0
1	64	32.1	18.81	16.48	32.61	0
1	65	31.96	18.55	17.11	32.38	0
1	66	32.06	18.21	17.3	32.43	0
1	67	31.28	18.42	18.62	31.68	0
1	68	31.29	17.73	17.99	32.99	0
1	69	31.64	18.26	18.98	31.12	0
1	70	31.79	18.39	18.12	31.7	0
1	71	32.27	18.28	17.53	31.92	0
1	72	31.81	18.34	17.07	32.78	0
1	73	31.17	17.95	17.55	33.33	0
1	74	31.09	18.81	17.07	33.03	0
1	75	31.62	17.64	18.06	32.68	0
1	76	31.12	19.05	18.16	31.67	0
1	77	31.08	18.69	17.82	32.41	0
1	78	32.57	18.31	18.01	31.11	0
1	79	31.74	18.82	18.38	31.06	0
1	80	32.33	18.27	17.45	31.95	0
1	81	32.19	18.1	17.86	31.85	0
1	82	31.47	18.2	18.26	32.07	0
1	83	31.97	18.39	17.55	32.09	0
1	84	32.15	18.1	17.57	32.18	0
1	85	32.33	18.26	17.56	31.85	0
1	86	31.96	17.43	18.32	32.29	0
1	87	31.35	17.43	19.59	31.63	0
1	88	32.47	17.46	18.64	31.43	0
1	89	32.24	17.57	17.88	32.31	0
1	90	31.78	17.84	18.52	31.86	0
1	91	31.08	18.76	18.67	31.49	0
1	92	31.89	18.09	17.78	32.24	0
1	93	30.96	17.89	18.82	32.33	0
1	94	30.98	18.26	19.33	31.43	0
1	95	32.02	18.02	18.26	31.7	0
1	96	31.66	17.94	18.79	31.61	0
1	97	31.7	18.37	19.18	30.75	0
1	98	31.18	18.51	18.77	31.54	0
1	99	31.28	18.6	18.58	31.54	0
1	100	31.64	18.17	18.28	31.91	0
1	101	32.08	18.11	17.89	31.92	0
1	102	31.42	18.08	18.3	32.2	0
1	103	30.97	18.17	18.38	32.48	0
1	104	31.33	17.82	18.74	32.11	0
1	105	32.2	18.03	18.93	30.84	0
1	106	31.94	17.16	19.4	31.5	0
1	107	32.06	18	18.09	31.85	0
1	108	31.29	17.52	18.78	32.41	0
1	109	30.22	17.87	19.69	32.22	0
1	110	31.54	18.29	18.48	31.69	0
1	111	31.21	18.48	19.09	31.22	0
1	112	30.23	18.21	19.66	31.9	0
1	113	30.99	18.14	19.28	31.59	0
1	114	31.46	18.38	19.55	30.61	0
1	115	31.06	18.14	19.68	31.12	0
1	116	31.18	17.89	19.59	31.34	0
1	117	30.31	17.77	20.38	31.54	0
1	118	30.29	18.51	20.37	30.83	0
1	119	30.82	18.57	19.5	31.11	0
1	120	31.51	17.78	19.43	31.28	0
1	121	30.83	18.08	20.3	30.79	0
1	122	30.4	18.64	20.07	30.89	0
1	123	30.36	18.55	19.93	31.16	0
1	124	30.81	18.76	20.36	30.07	0
1	125	31.3	17.29	20.37	31.04	0
1	126	30.53	18.14	19.93	31.4	0
1	127	30.23	18.73	20.57	30.47	0
1	128	30.97	17.62	21.06	30.35	0
1	129	30.94	17.73	20.68	30.65	0
1	130	31.13	18.29	20.79	29.79	0
1	131	30.55	17.76	21.35	30.34	0
1	132	30.85	17.73	21.17	30.25	0
1	133	29.81	17.56	21	31.63	0
1	134	29.66	18.07	20.52	31.75	0
1	135	30.13	17.94	21.36	30.57	0
1	136	30.52	17.63	21.42	30.43	0
1	137	31.08	18.15	20.65	30.12	0
1	138	30.6	17.16	21.81	30.43	0
1	139	30.27	17.6	21.84	30.29	0
1	140	29.76	17.83	21.29	31.12	0
1	141	30.93	17.88	21.63	29.56	0
1	142	30.67	17.78	21.26	30.29	0
1	143	30.56	17.64	21.54	30.26	0
1	144	29.79	18.17	22.25	29.79	0
1	145	29.62	17.67	22.72	29.99	0
1	146	30.39	17.63	22.15	29.83	0
1	147	30.49	17.94	21.99	29.58	0
1	148	29.58	18.67	21.88	29.87	0
1	149	29.92	17.6	22.42	30.06	0
1	150	30.45	17.49	22.39	29.67	0
1	151	29.79	17.95	21.86	30.4	0
2	152	25.66	22.82	38.72	12.8	0
2	153	23.05	20.37	14.75	41.83	0
2	154	31.31	18.16	16.48	34.05	0
2	155	18.27	23.37	11.18	47.18	0
2	156	41.07	8.68	9.77	40.48	0
2	157	46.46	11.18	21.84	20.52	0
2	158	34.98	15.74	19.25	30.03	0
2	159	41.05	16.08	20.11	22.76	0
2	160	17.11	35.66	21.27	25.96	0
2	161	30.05	19.47	11.93	38.55	0
2	162	27.33	13.68	30.39	28.6	0
2	163	27.48	19.72	15.35	37.45	0
2	164	25.71	19.24	23.82	31.23	0
2	165	24.47	27.18	16.2	32.15	0
2	166	35.6	18.54	20.06	25.8	0
2	167	35.32	17.47	17.54	29.67	0
2	168	34.19	17.18	16.54	32.09	0
2	169	33.92	16.94	16.5	32.64	0
2	170	33.32	16.72	17.27	32.69	0
2	171	32.57	17.26	17.08	33.09	0
2	172	32.83	18.13	17.08	31.96	0
2	173	32.55	17.95	17.58	31.92	0
2	174	33.5	17.63	16.95	31.92	0
2	175	32.19	17.28	18.02	32.51	0
2	176	30.94	17.67	18.15	33.24	0
2	177	32.3	17.1	17.68	32.92	0
2	178	32.38	17.67	17.44	32.51	0
2	179	32.35	18.2	17.6	31.85	0
2	180	33.05	17	17.11	32.84	0
2	181	33.05	17.25	17.36	32.34	0
2	182	33.53	17.21	17.67	31.59	0
2	183	32.14	18.33	17.33	32.2	0
2	184	31.2	16.75	18.55	33.5	0
2	185	32.42	18.59	17.43	31.56	0
2	186	32.02	17.95	17.12	32.91	0
2	187	32.1	16.94	17.72	33.24	0
2	188	31.58	18.4	17.38	32.64	0
2	189	32.48	17.46	17.88	32.18	0
2	190	32.27	17.5	17.86	32.37	0
2	191	32.02	18.04	17.07	32.87	0
2	192	32.48	18.19	17.66	31.67	0
2	193	32.8	16.96	17.49	32.75	0
2	194	31.97	17.8	17.74	32.49	0
2	195	32.5	17.45	17.45	32.6	0
2	196	32.85	17.97	16.99	32.19	0
2	197	31.18	18.74	17.68	32.4	0
2	198	32.25	18	17.94	31.81	0
2	199	32.66	16.95	17.11	33.28	0
2	200	32.71	17.63	16.72	32.94	0
2	201	32	17.96	17.63	32.41	0
2	202	32.66	17.88	17.58	31.88	0
2	203	31.51	18.24	17.52	32.73	0
2	204	32.76	17.75	17.28	32.21	0
2	205	32.21	17.57	17.98	32.24	0
2	206	31.93	18.78	17.76	31.53	0
2	207	31.61	17.95	18.46	31.98	0
2	208	32.76	17.43	17.72	32.09	0
2	209	31.7	17.97	17.88	32.45	0
2	210	32.67	18.29	17.44	31.6	0
2	211	31.73	17.58	18.1	32.59	0
2	212	32.4	18.49	17.69	31.42	0
2	213	33.06	18.27	16.96	31.71	0
2	214	33.02	18.33	17.4	31.25	0
2	215	31.67	18.22	17.88	32.23	0
2	216	33.69	17.45	17.84	31.02	0
2	217	32.69	17.83	18.22	31.26	0
2	218	32.02	18.15	18.2	31.63	0
2	219	32.83	17.72	17.79	31.66	0
2	220	32.3	18.18	17.65	31.87	0
2	221	31.85	18.95	17.78	31.42	0
2	222	30.85	18.82	17.65	32.68	0
2	223	32.87	17.82	17.82	31.49	0
2	224	31.5	18.15	18.41	31.94	0
2	225	33.17	18.24	17.15	31.44	0
2	226	32.4	17.57	17.7	32.33	0
2	227	31.64	18.12	18.1	32.14	0
2	228	31.95	18.29	17.79	31.97	0
2	229	31.22	18.04	18.39	32.35	0
2	230	31.76	18.5	18.16	31.58	0
2	231	31.11	18.97	17.73	32.19	0
2	232	31.47	18.7	18.05	31.78	0
2	233	32.16	19.15	17.55	31.14	0
2	234	32.44	19.19	17.13	31.24	0
2	235	32.37	17.22	18.67	31.74	0
2	236	31.76	18.03	18.53	31.68	0
2	237	32.27	17.87	18.07	31.79	0
2	238	32.91	18.11	18.36	30.62	0
2	239	32.13	18.26	18.12	31.49	0
2	240	31.32	18.65	17.99	32.04	0
2	241	31.1	18.35	18.35	32.2	0
2	242	31.31	18.28	17.56	32.85	0
2	243	31.53	18.54	18.12	31.81	0
2	244	31.55	18.23	18.31	31.91	0
2	245	32.31	17.85	17.86	31.98	0
2	246	32.09	17.78	17.86	32.27	0
2	247	32.06	17.99	19.07	30.88	0
2	248	31.29	18.72	18.13	31.86	0
2	249	32.12	18.98	17.95	30.95	0
2	250	32.07	18.36	18.23	31.34	0
2	251	30.67	18.81	18.27	32.25	0
2	252	31.25	18.14	17.79	32.82	0
2	253	31.42	18	18.13	32.45	0
2	254	30.42	19.36	17.74	32.48	0
2	255	32.82	17.93	17.61	31.64	0
2	256	32.41	17.84	17.51	32.24	0
2	257	31.55	17.97	18.69	31.79	0
2	258	31.73	19.25	17.45	31.57	0
2	259	31.61	17.39	18.73	32.27	0
2	260	31.21	18.82	18.27	31.7	0
2	261	31.41	18.24	18.27	32.08	0
2	262	31.53	17.68	18.52	32.27	0
2	263	31.33	19.31	17.81	31.55	0
2	264	32.87	18.02	18.14	30.97	0
2	265	31.82	18.4	18.68	31.1	0
2	266	31.2	18.87	18.51	31.42	0
2	267	31.15	18.47	18.59	31.79	0
2	268	30.78	18.69	18.43	32.1	0
2	269	31.72	19.19	18.06	31.03	0
2	270	31.23	18.51	18.7	31.56	0
2	271	31.14	18.11	19.37	31.38	0
2	272	31.2	18.09	18.72	31.99	0
2	273	31	18.86	18.55	31.59	0
2	274	31.89	18.59	18.36	31.16	0
2	275	31.7	18.59	17.82	31.89	0
2	276	31.12	17.95	19.32	31.61	0
2	277	31.54	17.88	19.55	31.03	0
2	278	30.42	18.78	18.7	32.1	0
2	279	31.24	18.83	18.4	31.53	0
2	280	31.33	18.65	19.27	30.75	0
2	281	31.08	18.94	18.77	31.21	0
2	282	31.38	18.05	19.39	31.18	0
2	283	31.45	17.92	19.52	31.11	0
2	284	31.09	18.71	18.93	31.27	0
2	285	31.15	18.17	19	31.68	0
2	286	30.96	18.91	19.38	30.75	0
2	287	30.81	19.38	18.42	31.39	0
2	288	31.16	18.03	19.5	31.31	0
2	289	30.96	17.8	20.16	31.08	0
2	290	30.42	18.46	19.73	31.39	0
2	291	31.94	18.13	19.75	30.18	0
2	292	30.86	17.45	20.61	31.08	0
2	293	30.41	18.69	20.03	30.87	0
2	294	30.9	18.1	20.11	30.89	0
2	295	29.84	18.48	20.52	31.16	0
2	296	31.03	18.74	19.51	30.72	0
2	297	31.03	18.83	19.75	30.39	0
2	298	31.23	17.83	20.7	30.24	0
2	299	29.9	18.49	20.48	31.13	0
2	300	30.22	18.04	20.62	31.12	0
2	301	29.7	18.32	21.11	30.87	0
2	302	30.53	18.15	21.04	30.28	0


