## htsjdk.samtools.metrics.StringHeader
# CollectMultipleMetrics --INPUT SAMPLE_PAIRED_END_2_2.bam --OUTPUT SAMPLE_PAIRED_END_2_2.CollectMultipleMetrics --REFERENCE_SEQUENCE genome.fa --ASSUME_SORTED true --STOP_AFTER 0 --METRIC_ACCUMULATION_LEVEL ALL_READS --PROGRAM CollectAlignmentSummaryMetrics --PROGRAM CollectBaseDistributionByCycle --PROGRAM CollectInsertSizeMetrics --PROGRAM MeanQualityByCycle --PROGRAM QualityScoreDistribution --INCLUDE_UNPAIRED false --VERBOSITY INFO --QUIET false --VALIDATION_STRINGENCY STRICT --COMPRESSION_LEVEL 5 --MAX_RECORDS_IN_RAM 500000 --CREATE_INDEX false --CREATE_MD5_FILE false --help false --version false --showHidden false --USE_JDK_DEFLATER false --USE_JDK_INFLATER false
## htsjdk.samtools.metrics.StringHeader
# Started on: Tue Oct 14 11:17:20 GMT 2025

## METRICS CLASS	picard.analysis.BaseDistributionByCycleMetrics
READ_END	CYCLE	PCT_A	PCT_C	PCT_G	PCT_T	PCT_N
1	1	25.01	22.31	39.14	13.54	0
1	2	22.39	20.81	14.67	42.13	0
1	3	31.05	18.44	15.95	34.56	0
1	4	19.61	22.68	10.73	46.98	0
1	5	40.49	9.21	8.98	41.32	0
1	6	47.05	11.05	22.39	19.51	0
1	7	35.35	15.71	19.36	29.58	0
1	8	40.72	16.3	19.54	23.44	0
1	9	16.03	35.37	22.3	26.3	0
1	10	29.91	19.78	12.24	38.07	0
1	11	26.39	14.24	29.71	29.66	0
1	12	27.96	18.45	16.02	37.57	0
1	13	25	19.97	22.81	32.22	0
1	14	24.18	27.21	16.16	32.45	0
1	15	36.27	18.08	20.39	25.26	0
1	16	34.64	18.48	17.37	29.51	0
1	17	33.83	17.71	15.71	32.75	0
1	18	33.47	17.34	16.7	32.49	0
1	19	32.4	17.15	17.15	33.3	0
1	20	32.61	16.9	17.48	33.01	0
1	21	33.07	17.49	17.09	32.35	0
1	22	31.84	18.19	18.51	31.46	0
1	23	32.36	17.52	17.76	32.36	0
1	24	33.46	17.07	17.77	31.7	0
1	25	32.07	17.37	18.32	32.24	0
1	26	31.62	17.19	17.38	33.81	0
1	27	32.77	17.58	17.65	32	0
1	28	31.97	17.81	17.3	32.92	0
1	29	33.66	17.1	17.11	32.13	0
1	30	33.08	17.2	17.62	32.1	0
1	31	32.43	17.8	17.58	32.19	0
1	32	32.57	17.29	16.91	33.23	0
1	33	32.2	17.12	17.95	32.73	0
1	34	31.76	17.97	18.15	32.12	0
1	35	32.63	17.9	17.44	32.03	0
1	36	31.81	17.45	18.19	32.55	0
1	37	32.17	17.51	18.17	32.15	0
1	38	32.79	17.48	17.5	32.23	0
1	39	32.65	16.72	18.14	32.49	0
1	40	32.37	17.61	17.69	32.33	0
1	41	31.82	17.81	17.17	33.2	0
1	42	32.38	17.96	17.51	32.15	0
1	43	31.5	18.83	18.12	31.55	0
1	44	32.27	17.38	17.81	32.54	0
1	45	32.02	17.99	17.99	32	0
1	46	31.55	17.16	17.92	33.37	0
1	47	32.09	17.68	17.66	32.57	0
1	48	32.1	17.2	18.14	32.56	0
1	49	31.89	17.72	17.56	32.83	0
1	50	32.87	17.7	16.9	32.53	0
1	51	32.54	17.26	17.63	32.57	0
1	52	31.68	18.58	17.61	32.13	0
1	53	32.64	17.88	17	32.48	0
1	54	32.18	18.05	17.58	32.19	0
1	55	31.71	18.3	18.34	31.65	0
1	56	32.15	17.81	17.67	32.37	0
1	57	32.66	18	17.75	31.59	0
1	58	32	18.62	17.54	31.84	0
1	59	31.62	17.76	17.95	32.67	0
1	60	32.52	17.55	17.16	32.77	0
1	61	32.39	17.45	17.37	32.79	0
1	62	32.48	18.17	16.68	32.67	0
1	63	32.46	17.21	17.64	32.69	0
1	64	31.42	18.28	17.26	33.04	0
1	65	31.82	17.95	17.31	32.92	0
1	66	31.99	18.34	17.26	32.41	0
1	67	32.63	17.84	17.21	32.32	0
1	68	32.52	17.8	17.29	32.39	0
1	69	33.18	17.84	17.56	31.42	0
1	70	32.03	18.87	17.64	31.46	0
1	71	32.35	17.63	17.57	32.45	0
1	72	32	17.4	18.2	32.4	0
1	73	31.55	18.38	18.12	31.95	0
1	74	31.95	18.29	16.76	33	0
1	75	33.66	17.16	17.33	31.85	0
1	76	32.2	17.86	18.58	31.36	0
1	77	32.24	18.57	17.51	31.68	0
1	78	31.13	17.81	18.41	32.65	0
1	79	31.73	18.91	18.17	31.19	0
1	80	31.91	18.42	17.65	32.02	0
1	81	32.38	18.01	17.63	31.98	0
1	82	31.27	18.2	19.09	31.44	0
1	83	32.05	18.12	17.69	32.14	0
1	84	31.54	17.31	17.65	33.5	0
1	85	32.16	17.9	19.03	30.91	0
1	86	33.42	17.73	16.99	31.86	0
1	87	32.46	17.07	18.43	32.04	0
1	88	31.18	18.14	18.11	32.57	0
1	89	32.2	18.2	17.43	32.17	0
1	90	31.53	18.48	17.89	32.1	0
1	91	31.93	18.47	18.02	31.58	0
1	92	30.94	18.67	18.3	32.09	0
1	93	32.59	17.74	17.66	32.01	0
1	94	31.11	18.39	18.37	32.13	0
1	95	31.78	17.55	18.41	32.26	0
1	96	32.16	18.08	17.8	31.96	0
1	97	30.87	18.65	19.43	31.05	0
1	98	31.96	18.17	17.68	32.19	0
1	99	31.96	17.58	18.52	31.94	0
1	100	31.73	18.68	18.5	31.09	0
1	101	31.85	18.49	17.98	31.68	0
1	102	32	18.22	18.7	31.08	0
1	103	31.34	18.31	18.51	31.84	0
1	104	32.07	18.42	18.42	31.09	0
1	105	32.93	17.79	18.12	31.16	0
1	106	30.92	18.17	18.74	32.17	0
1	107	31.55	18.01	18.93	31.51	0
1	108	31.63	17.9	18.56	31.91	0
1	109	30.75	18.32	18.97	31.96	0
1	110	32.07	18.75	17.79	31.39	0
1	111	30.67	18.65	20.03	30.65	0
1	112	31.35	19	18.56	31.09	0
1	113	30.65	17.6	19.45	32.3	0
1	114	31.16	17.3	19.57	31.97	0
1	115	31.86	17.85	19.1	31.19	0
1	116	31.67	17.72	18.81	31.8	0
1	117	31.27	17.59	19.74	31.4	0
1	118	30.59	18.17	20.12	31.12	0
1	119	31.93	18.1	19.26	30.71	0
1	120	32.23	17.21	19.37	31.19	0
1	121	31.33	17.98	19.73	30.96	0
1	122	31.39	18.31	19.11	31.19	0
1	123	30.87	18.05	19.96	31.12	0
1	124	31.1	17.52	19.62	31.76	0
1	125	31.68	18.29	19.09	30.94	0
1	126	32.02	17.59	19.89	30.5	0
1	127	30.97	18.35	19.91	30.77	0
1	128	31.5	17.2	19.73	31.57	0
1	129	31.15	17.75	20.51	30.59	0
1	130	30.26	17.79	20.57	31.38	0
1	131	31.03	17.7	19.93	31.34	0
1	132	31.17	17.55	20.38	30.9	0
1	133	31.3	18.02	20.7	29.98	0
1	134	31.19	17.57	20.13	31.11	0
1	135	31.06	17.69	20.69	30.56	0
1	136	31.36	17.99	20.38	30.27	0
1	137	31.08	18.24	19.86	30.82	0
1	138	30.72	17.05	20.65	31.58	0
1	139	31.3	17.97	20.73	30	0
1	140	30.86	17.84	20.24	31.06	0
1	141	30.81	17.4	21.54	30.25	0
1	142	30.53	18.01	21.12	30.34	0
1	143	30.56	17.79	20.64	31.01	0
1	144	30.8	17.78	20.5	30.92	0
1	145	30.51	18.33	20.42	30.74	0
1	146	30.66	17.99	21.29	30.06	0
1	147	30.8	17.4	21.07	30.73	0
1	148	30.17	17.4	22.17	30.26	0
1	149	30.16	17.55	21.35	30.94	0
1	150	30.81	17.27	21.78	30.14	0
1	151	29.99	17.95	21.94	30.12	0
2	152	24.54	23.56	39.14	12.76	0
2	153	22.99	20.75	14.1	42.16	0
2	154	30.64	18.59	16.46	34.31	0
2	155	19.44	23.01	11	46.55	0
2	156	41.84	9.27	8.78	40.11	0
2	157	46.82	10.69	22.13	20.36	0
2	158	34.95	16.42	19.64	28.99	0
2	159	41.07	16.13	19.44	23.36	0
2	160	16.56	35.29	21.79	26.36	0
2	161	29.89	20.72	11.43	37.96	0
2	162	27.12	13.86	29.65	29.37	0
2	163	27.59	19.2	15.8	37.41	0
2	164	25.76	19.45	23.39	31.4	0
2	165	25.41	26.9	15.34	32.35	0
2	166	35.86	18.44	20.41	25.29	0
2	167	34.42	17.96	17.11	30.51	0
2	168	34.96	16.49	16.3	32.25	0
2	169	34.08	17.1	16.47	32.35	0
2	170	32.39	16.99	18.65	31.97	0
2	171	33.96	17.13	16.96	31.95	0
2	172	32.27	17.59	17.5	32.64	0
2	173	31.94	17.72	17.85	32.49	0
2	174	33.26	17.27	18.07	31.4	0
2	175	33.64	16.94	17.79	31.63	0
2	176	30.92	17.37	18.19	33.52	0
2	177	33.67	17	16.92	32.41	0
2	178	33	17.96	17.19	31.85	0
2	179	32.21	18.15	18.13	31.51	0
2	180	33.73	18.35	17.23	30.69	0
2	181	32.89	16.94	17.4	32.77	0
2	182	32.55	17.81	17.57	32.07	0
2	183	33.28	18.21	17.04	31.47	0
2	184	32.25	17.54	18.07	32.14	0
2	185	32.11	17.88	17.98	32.03	0
2	186	32.84	17.31	17.27	32.58	0
2	187	31.75	17.68	17.76	32.81	0
2	188	32.23	17.68	18.28	31.81	0
2	189	31.85	17.25	17.64	33.26	0
2	190	32.15	17.54	17.92	32.39	0
2	191	31.8	18.28	17.69	32.23	0
2	192	32.57	17.44	17.08	32.91	0
2	193	32.26	18.24	17.94	31.56	0
2	194	32.09	17.47	18.58	31.86	0
2	195	32.85	18.06	16.83	32.26	0
2	196	32.7	17.03	17.8	32.47	0
2	197	31.11	18.45	18.35	32.09	0
2	198	33.12	17.36	17.18	32.34	0
2	199	32.02	17.48	17.54	32.96	0
2	200	31.91	18.2	17.31	32.58	0
2	201	32.34	18.07	17.13	32.46	0
2	202	32.35	17.24	17.19	33.22	0
2	203	31.36	18.25	17.94	32.45	0
2	204	32.3	17.69	17.31	32.7	0
2	205	32.38	18.18	17.46	31.98	0
2	206	31.39	18.69	17.47	32.45	0
2	207	31.82	17.89	17.77	32.52	0
2	208	31.92	18.53	17.55	32	0
2	209	31.06	18.44	17.67	32.83	0
2	210	32.36	18.1	17.14	32.4	0
2	211	32.23	18.46	17.51	31.8	0
2	212	31.55	17.49	18.26	32.7	0
2	213	32.85	17.65	17.42	32.08	0
2	214	32.16	18	17.62	32.22	0
2	215	32.64	17.54	18.56	31.26	0
2	216	33.06	18.08	16.69	32.17	0
2	217	31.45	18.24	17.87	32.44	0
2	218	31.04	17.91	18.15	32.9	0
2	219	31.46	18.39	18.05	32.1	0
2	220	32.29	17.59	17.48	32.64	0
2	221	32.56	17.6	17.57	32.27	0
2	222	31.87	18.19	16.97	32.97	0
2	223	31.79	17.74	17.72	32.75	0
2	224	32	18.26	17.83	31.91	0
2	225	32.09	17.87	16.7	33.34	0
2	226	31.53	18.46	17.39	32.62	0
2	227	31.86	17.89	17.87	32.38	0
2	228	32.63	18.13	17.82	31.42	0
2	229	31.71	18.13	18.11	32.05	0
2	230	32.75	18.92	17.25	31.08	0
2	231	32.98	17.58	17.37	32.07	0
2	232	33.07	17.24	18.01	31.68	0
2	233	31.6	18.55	17.69	32.16	0
2	234	31.33	17.49	17.51	33.67	0
2	235	32.3	17.69	17.72	32.29	0
2	236	31.5	17.76	18.41	32.33	0
2	237	32.31	18.19	17.03	32.47	0
2	238	31.92	17.79	17.75	32.54	0
2	239	31.48	18.5	17.98	32.04	0
2	240	32.07	18.25	17.4	32.28	0
2	241	31.18	18.02	17.96	32.84	0
2	242	30.6	19.05	18.24	32.11	0
2	243	32.53	18.91	17.45	31.11	0
2	244	31.91	18.04	18.32	31.73	0
2	245	31.94	17.88	18.63	31.55	0
2	246	32.28	17.79	17.61	32.32	0
2	247	31.92	17.99	17.5	32.59	0
2	248	31.18	18.53	18.53	31.76	0
2	249	32.02	17.9	18.35	31.73	0
2	250	32.44	17.94	18.33	31.29	0
2	251	31.45	18.07	18.59	31.89	0
2	252	31.81	18.31	17.41	32.47	0
2	253	32.17	17.64	18.33	31.86	0
2	254	31.62	18	18.1	32.28	0
2	255	31.5	17.97	17.35	33.18	0
2	256	31.4	18.45	18.82	31.33	0
2	257	31.25	17.97	18.84	31.94	0
2	258	32.24	18.73	17.48	31.55	0
2	259	31.67	18.14	17.88	32.31	0
2	260	31.1	18.82	18.68	31.4	0
2	261	31.19	18.01	18.01	32.79	0
2	262	31.21	17.78	18.53	32.48	0
2	263	30.37	18.83	18.2	32.6	0
2	264	31.13	17.65	18.47	32.75	0
2	265	31.89	17.64	18.07	32.4	0
2	266	31.71	18.17	18	32.12	0
2	267	31.16	18.48	18.28	32.08	0
2	268	30.67	18.59	18.19	32.55	0
2	269	31.13	18.32	19.37	31.18	0
2	270	31.75	18.18	17.35	32.72	0
2	271	31.01	18.29	18.69	32.01	0
2	272	30.88	19.37	18.13	31.62	0
2	273	31.5	18.25	18.11	32.14	0
2	274	31.32	17.75	19.25	31.68	0
2	275	31.02	18.59	18.57	31.82	0
2	276	32.07	18.14	17.92	31.87	0
2	277	30.29	18.08	19.17	32.46	0
2	278	31.36	18.26	18.83	31.55	0
2	279	31.43	17.4	18.41	32.76	0
2	280	32.43	17.42	18.69	31.46	0
2	281	30.9	18.21	19.18	31.71	0
2	282	30.69	17.42	19.59	32.3	0
2	283	31.49	17.29	19.06	32.16	0
2	284	31.09	18.31	19.29	31.31	0
2	285	31.31	18.45	18.83	31.41	0
2	286	30.8	18.08	19.52	31.6	0
2	287	31.84	17.72	19.18	31.26	0
2	288	31.38	17.75	20.06	30.81	0
2	289	32.12	17.38	19.84	30.66	0
2	290	30.92	18.93	19.67	30.48	0
2	291	31.02	18	19.4	31.58	0
2	292	30.35	17.8	19.76	32.09	0
2	293	30.77	18.31	19.86	31.06	0
2	294	30.66	17.34	19.87	32.13	0
2	295	30.6	18.16	19.99	31.25	0
2	296	30.69	17.79	20.18	31.34	0
2	297	30.64	18.02	20.08	31.26	0
2	298	31.05	17.33	20.46	31.16	0
2	299	30.72	18.26	20.2	30.82	0
2	300	30.83	17.04	19.74	32.39	0
2	301	30.62	18.35	20.32	30.71	0
2	302	30.36	18.32	20.88	30.44	0


